2.950073
-0.150451
0.092871
-0.570967
-0.124362
-0.079740
-0.708212
-0.144538
0.004526
0.404537
0.073732
-0.031961
0.999342
0.052110
-0.264159
1.256964
-0.388292
0.257871
0.054392
0.087305
-0.059900
-0.015961
0.158661
0.086620
0.153081
-0.230520
0.160499
0.043244
0.116797
-0.036872
-0.337693
0.135066
0.075624
-0.168006
0.107165
-0.328871
0.107197
-0.272836
-0.117198
-0.016606
0.018800
-0.036783
0.009215
0.368800
0.027419
-0.062515
-0.191113
0.037213
0.321959
-0.164342
-0.947047
-0.061832
0.511904
0.695497
0.683555
-1.560406
0.285271
0.234677
1.115249
-0.273040
0.027618
-0.091820
-0.093974
0.080733
0.106800
-0.032624
-0.298426
-0.073396
-0.220613
-0.133427
0.085260
0.221168
