2.977878
-0.118337
0.111196
-0.582431
-0.125260
-0.076653
-0.696083
-0.162635
0.030863
0.400159
0.081329
-0.022234
0.993242
0.050667
-0.236348
1.237319
-0.404910
0.265850
0.067094
0.111678
-0.079193
-0.009376
0.136119
0.096621
0.129639
-0.216123
0.174559
0.093586
0.104262
-0.048999
-0.345732
0.156464
0.068200
-0.183626
0.096615
-0.322054
0.155223
-0.166282
-0.131792
0.001643
0.015272
-0.037472
0.002210
0.308749
-0.036786
0.019535
-0.134705
-0.004580
0.309311
-0.162257
-0.931936
-0.050141
0.457052
0.687053
0.699484
-1.597382
0.299764
0.230775
1.138941
-0.255115
-0.006778
-0.073374
-0.052871
0.099610
0.079195
-0.016922
-0.303264
-0.057899
-0.189897
-0.145531
0.103553
0.204532