2.926751
-0.149621
0.390776
-0.569717
-0.128904
-0.086125
-0.745543
-0.123529
-0.039311
0.409322
0.083599
-0.005360
0.991947
0.040369
-0.283187
1.271438
-0.367257
0.233893
0.065401
0.098648
-0.038392
-0.017509
0.166081
0.075049
0.174017
-0.247473
0.151056
0.033390
0.151667
-0.028341
-0.332133
0.116901
0.082368
-0.161706
0.123835
-0.334016
0.090771
-0.269687
-0.131114
-0.035140
0.028294
-0.040398
0.040477
0.366457
0.078922
-0.121982
-0.178116
0.059990
0.334910
-0.192221
-0.981361
-0.052851
0.511787
0.718273
0.676383
-1.573511
0.266579
0.243993
1.018921
-0.267604
0.051994
-0.109128
-0.118611
0.065718
0.126242
-0.037776
-0.304406
-0.083429
-0.243704
-0.121269
0.082384
0.229517
