2.964757
-0.114749
0.100683
-0.576938
-0.125174
-0.073885
-0.700818
-0.156275
0.022349
0.404516
0.077774
-0.028836
0.998700
0.053251
-0.240111
1.249082
-0.399034
0.266021
0.060680
0.102861
-0.077195
-0.011404
0.146395
0.094432
0.139405
-0.218530
0.171662
0.072645
0.105955
-0.049585
-0.342789
0.150927
0.071109
-0.179062
0.098530
-0.324098
0.115488
-0.201667
-0.125022
-0.000514
0.011686
-0.047497
0.010534
0.328701
-0.010566
-0.022714
-0.155524
0.011565
0.316258
-0.162248
-0.937432
-0.050373
0.470010
0.693693
0.697017
-1.578936
0.291964
0.231767
1.125467
-0.258153
0.003966
-0.078997
-0.066137
0.093798
0.087617
-0.021451
-0.302580
-0.062371
-0.199596
-0.142200
0.098703
0.209088
