2.920476
-0.171220
0.363561
-0.566235
-0.127833
-0.093982
-0.726530
-0.133225
-0.032819
0.408048
0.082067
-0.001061
0.995658
0.046646
-0.280071
1.263946
-0.376627
0.240939
0.050552
0.098248
-0.037015
-0.016294
0.160823
0.080537
0.163857
-0.241490
0.154009
0.021222
0.144189
-0.026271
-0.333680
0.124545
0.081330
-0.162783
0.115370
-0.333762
0.105393
-0.299083
-0.148018
-0.032872
0.022827
-0.041695
-0.006301
0.396267
0.077809
-0.098270
-0.208815
0.027086
0.325434
-0.184404
-0.971030
-0.083264
0.552212
0.707058
0.679316
-1.564005
0.277206
0.229865
1.116722
-0.298182
0.042213
-0.101783
-0.110444
0.072434
0.119065
-0.038072
-0.299397
-0.079916
-0.234766
-0.127924
0.081016
0.227271
