2.946554
-0.114758
-0.026991
-0.561431
-0.122707
-0.052773
-0.752178
-0.106736
-0.007481
0.408354
0.061410
-0.066677
0.993406
0.039133
-0.278749
1.284629
-0.357838
0.235472
0.069104
0.066343
-0.048365
-0.019699
0.177914
0.071282
0.185203
-0.248323
0.149188
0.028563
0.115967
-0.023186
-0.332070
0.114131
0.080736
-0.163301
0.129562
-0.333109
0.086748
-0.288323
-0.042442
-0.026081
0.029298
-0.032100
0.058927
0.366244
0.032696
-0.134330
-0.179487
0.140138
0.335973
-0.170210
-0.960099
-0.032905
0.499252
0.712447
0.661101
-1.564752
0.266007
0.263754
0.933526
-0.230113
0.058625
-0.112923
-0.123442
0.060434
0.129755
-0.035121
-0.310801
-0.084008
-0.251146
-0.111845
0.083873
0.229570
