2.951310
-0.091165
-0.058897
-0.563465
-0.124744
-0.044889
-0.759791
-0.106696
-0.005948
0.409667
0.064906
-0.076756
0.991449
0.034070
-0.276976
1.286939
-0.356069
0.236266
0.074299
0.068901
-0.048344
-0.021368
0.181523
0.068524
0.189538
-0.249231
0.148585
0.030729
0.119677
-0.019859
-0.332462
0.111088
0.079565
-0.164897
0.132316
-0.331375
0.084995
-0.222740
-0.019721
-0.027816
0.027453
-0.025587
0.066430
0.339185
0.023210
-0.141123
-0.126152
0.181499
0.336076
-0.173064
-0.963804
-0.025478
0.483228
0.709047
0.655078
-1.577769
0.263118
0.272771
0.896881
-0.218437
0.062249
-0.116403
-0.124801
0.057226
0.131883
-0.031215
-0.314701
-0.083303
-0.255044
-0.106929
0.086716
0.231489
