2.959568
-0.040928
0.039684
-0.570225
-0.133486
-0.038655
-0.765291
-0.120258
-0.012413
0.416248
0.075758
-0.069075
0.992323
0.025764
-0.269956
1.287300
-0.362943
0.244037
0.082915
0.081651
-0.058233
-0.022957
0.182825
0.067412
0.192648
-0.248439
0.149894
0.041361
0.135736
-0.034103
-0.332836
0.108531
0.079379
-0.165846
0.134236
-0.329928
0.074799
-0.133708
-0.065367
-0.032180
0.027309
-0.017048
0.078497
0.289321
0.033848
-0.160211
-0.061090
0.168923
0.338669
-0.187025
-0.979586
-0.019800
0.447322
0.704993
0.655729
-1.606947
0.260450
0.273659
0.877865
-0.220418
0.063525
-0.119306
-0.124095
0.055935
0.132702
-0.028245
-0.315924
-0.081995
-0.255671
-0.106002
0.089372
0.234687
